0.174226
0.549346
0.0373386
0.387997
0.607138
0.478681
0.915924
0.47958
0.302734
0.982468
0.650564
0.209773
0.635085
0.0563273
0.447274
0.263844
0.819226
0.657808
0.0574886
0.841852
0.525029
0.987856
0.311514
0.474914
0.484175
0.702307
0.498102
0.406899
0.953138
0.524385
0.340372
0.0634781
0.886709
0.519335
0.0720248
0.0221013
0.918184
0.803129
0.248179
0.5383
0.605714
0.638912
0.0100892
0.860833
0.47506
0.0455844
0.935875
0.934933
0.272042
0.0417583
0.447754
0.699552
0.795211
0.358594
0.103429
0.140147
0.689295
0.107691
0.141539
0.131094
0.31197
0.557349
0.684519
0.597213
0.307788
0.405639
0.736518
0.677366
0.960679
0.696042
0.821199
0.551618
0.647198
0.859463
0.243475
0.6481
0.297526
0.304464
0.439173
0.110662
0.513451
0.682372
0.585209
0.604452
0.931638
0.790886
0.260689
0.414123
0.355968
0.852079
0.64525
0.263881
0.656947
0.465155
0.611075
0.538564
0.652043
0.573588
0.039979
0.81185
0.489644
0.489306
0.85855
0.737397
0.254753
0.436853
0.924927
0.102544
0.9945
0.832282
0.172069
0.548934
0.29305
0.507884
0.878367
0.223487
0.493916
0.24286
0.64063
0.00215036
0.486654
0.647689
0.469608
0.485108
0.883873
0.758063
0.285108
0.12502
0.416192
